// dlogs of the prime ideals with respect to l1

1
158416058110927819534372127934430026193390629830929000455523191072278835498834
211972830656344256937574823125636622497920200936636704141678974213372036611276
101392479577218384067179419203790954012725582011459658961914825120817145061599
149496374286091300207613577223998331927913474928837359419449639414835681390739
10499111078333999286084609758743510870584795931880955174841226155274464439637
124835754339118534869236357911822865002033438112245850977474053945495384399795
157618139160794187363273494993443287772828436579105613914404526181328803614561
162644904479357617366088349362324630188324589579484143804777111186991644600813
69443667446584127897233524802158239774202898144784764781106858303301801408478
107256795975786551159827815818968191733634904326977448148481813450893842513989
212828834534991691744462524658253192579840860100512869940685483477494111231055
199909862807586021178100990097077693902910874624187845450234888689338475957794
234289732857068793990822331327819746025612894707668606323788666598314230452292
243373740476905369154677592646413866267861884002688255955214582382216505539357
85304912872111573568807269326918839379164452150843577518751500485260115161379
3640333231615317889934999554199986584099964636736502161926320639576126163417
134624674411682159203872554267920641162859837241755393470981894719694360263232
31301854223844598979843260332565800738932444041116049485803599318908440065163
184375110469612170479428804749830719211480745799054558483848414281137817874776
18343637985248376940225157063222357667277984357324690731479562397293090292710
188412687868217138105481169691393560923284902065454510432731364357586195843609
126128724656125216920892978020698021731984882034931571206141681007791608819051
66599206902029492946274193593084715710591339998046954343966564778933747382501
79886450025532455037841695446573626384415684243698067958511901456903833271684
62585005443092677284183203650321081605394104213764337104061293278958441654842
35875088045614532810601388808241994212717225419354136860217038779166917651951
42854775895096449862509854131083941556651865673606891509307748878239393898554
88249742151040578014832106842181812801071292251082424847109396318790323813355
112495103227240059135798247105598657712279488047562126446402137324106509347641
112252149937990765890106838400178287132219040212342539926115577171730441419454
170698160410496972445976256682725339674082866387258272360658524894222605146062
84775775592908835873658612298652958553501624410200149893852252773437342260587
142624709916030594089330488879005865550665313627330367803222354385023026838586
131140794285135540967179951476994778782870880810397516790421111176943085081180
203257446416868737905752912277120162386442204594824232476385875549711706555773
179332309469656634792311216437667371454484858288891698300749169333635799607669
137308421601663534426890510508624920324508584093748474500108062043885304460975
147584098655973829193783247878167600550530865735869346594610249348753038163955
141563364783484766709235964953404631568295882717212736351901741516481067294382
90026677987038387924298265819575339948857895689525252725723904043307384983395
38409337857562295187437239261915853303393553351853552714191886055252157604695
49522486329932866600561948426358239903543861456102396330395044548148625725943
207960400976464385208538427740490840416478640839154189065473117891606254308903
37356967291958996361921927315958137581584636530195564338465224450789750676646
181061580985167565798450743726127432471368327894597931252819881231612170803797
243541950133481601711111208891878482360523054946183763601396623631154558585875
9328898615511887433924480137396590205628501229951638014384399867359317918345
249586322421578357065554880757279940114707830884289153781482663056513540438360
191752084118854666461663713341022000301400938964438606368373722100091493805552
83519661453263753819020612146799797427480537250979019450705238936890788235497
41905111968561347672414908543034534097584612034134356902495838815162363348308
231953378256771744937880799586855422740394562739773107019151744990009882024768
192692502793121580834972327186877664857640485544237441432812833516144610789212
62707884561246771229471614814535496063096411883391671920965512290981317165769
206312164232799803503041878978128979213797110616773899781142432681660405592696
170268359163255855226164866650254342810066083371515096528276836210247986866692
62518436570412063132921044624958269037061555588171632942060722815948477182952
234662437242868665803321087212870013910911368359441942870156072296682856632170
95092728979128143776540378467067536102277370840623438536309814352197109474323
157857491672794556767920659623738850740439533722526873221017144074710867806920
3989347980623709176290289510606105292803399379490676223167232693261861612878
21220419005381987313112645157526276591038746087985113942804610423191126604159
154577996081222200304402638143833765167416137077768641601278047598889155427393
799252575902142580633745092252352430517349733555871678733751202987859134239
245921622441445398358293184098743928373975116675708330168042611807425227546412
154147408984186916843953375076702650511656125225133163033237661382850606266038
123149456285955527614417452697863519624650933062923797899292072608785118922205
214239442702870907394798856375707451385598236484026241385302151779566871531496
10428851177686608504740149981499664666998917744413305295059725170918190455430
124567952949084403855914949615041716993058911696448663477629770315622376824097
239210245110673713763597941638429651875708422824273178380330716431370174095628
215039991627782862232790372149784256180423821044269327787763091416213320950584
51850392871248659467384391020850410393868565455677012517458005017702782324188

